2014 01 14::11:47:50:018	75.5883309776676	10991.015370571255	55.27449509537541	-150.41126153690576	2.4040168629162806
2014 01 14::11:47:50:519	223.15691916625468	10470.195211517042	53.9912866937875	-124.3022214243484	3.7643680784608335
2014 01 14::11:47:50:519	117.94616688200854	13188.264726697918	55.51911015773348	-141.1606988038552	3.2017963230993707
2014 01 14::11:47:51:020	246.5469441866809	10586.502655195462	54.03619582482588	-119.91460463987673	3.8963751087077614
2014 01 14::11:47:51:020	134.925302561853	13266.375639469952	55.65648113791455	-129.62264705728813	3.31855211726666
2014 01 14::11:47:51:520	254.36734804070994	11545.06577705099	54.278945176640114	-119.21369267547766	4.316766173907716
2014 01 14::11:47:51:520	149.82345294899625	13866.609385884454	55.71640793740173	-129.04808409535698	3.5353925154455013
2014 01 14::11:47:52:020	262.13196055233414	11673.341298128082	54.4648411701365	-113.75416334985715	4.483060689033036
2014 01 14::11:47:52:020	151.287128296799	13888.623878729179	56.35754881427979	-128.8601220698729	4.1081917005766355
2014 01 14::11:47:52:521	285.45606569885575	12813.53151846114	54.89897387541354	-109.41923911466068	4.61173380420502
2014 01 14::11:47:52:521	166.16773655545302	14448.251729347594	6936.381632405626	-124.49168106938023	4.259416575732933
2014 01 14::11:47:53:021	298.69622939228003	14037.824528686127	55.032599342708096	-107.61129993945679	4.969110156310341
2014 01 14::11:47:53:021	192.0337969959376	15797.556207540698	56.492982764460024	-123.51991952194822	4.463585321447305
2014 01 14::11:47:53:521	316.31726592789676	19963.736313955214	55.22472670316914	-101.06557074717952	6.180241003145914
2014 01 14::11:47:53:521	244.25847883337903	19781.803899691742	57.16390480219879	-123.06325978416487	4.49894045491428
2014 01 14::11:47:54:021	322.2851483772923	20096.227781098685	55.30809388602065	-99.74102271889996	6.213852963096689
2014 01 14::11:47:54:021	248.33180801350562	25607.58483461342	57.36651891418254	-115.32577402903021	4.818544219773468
2014 01 14::11:47:54:522	351.2085867862803	24779.166458048006	55.52906591611673	-98.20997495585763	6.327092634824016
2014 01 14::11:47:54:522	285.92510498778836	28377.706559863447	57.84792163194719	-112.9185101729365	4.963142039388025
2014 01 14::11:47:55:022	359.79429535454534	25518.366954696536	55.57278245427288	-93.42998950364367	6.465107209387078
2014 01 14::11:47:55:022	297.2727878115977	29048.049234401184	58.03679160812369	-99.76686197889188	5.3572999710022495
2014 01 14::11:47:55:523	371.5397568371067	28521.573618180286	55.93827763121229	-92.12189852017895	6.752168498609712
2014 01 14::11:47:55:523	299.412274509817	31488.53569066463	58.632220454370994	-97.85229690493944	5.703143646087261
2014 01 14::11:47:56:023	400.36127916744647	31718.317059687175	56.04719146178439	-82.68085326130185	6.7663902211920535
2014 01 14::11:47:56:023	309.87830826197063	35064.36834932182	58.83583845444518	-97.67624318348558	5.818236372848473
2014 01 14::11:47:56:523	409.0231035986461	32811.96005596265	56.0478386402663	-81.70416496555964	6.780105164516748
2014 01 14::11:47:56:523	316.5585422519046	35717.15372021692	59.679411601379904	-96.25127941686608	5.9112689004583
2014 01 14::11:47:57:023	424.688325872185	33085.16370977709	56.88547547988642	-73.56946971682908	8.064940291143706
2014 01 14::11:47:57:023	331.75872510709945	36406.25569862744	60.73619925195395	-95.23478922932867	6.025784074035645
2014 01 14::11:47:57:524	446.39423104366847	35118.24079408771	60.781206788721455	-71.81052241975749	8.168591517641
2014 01 14::11:47:57:524	347.33439682044656	38816.809867986405	60.82621432548896	-87.99980045180766	6.325096342624303
2014 01 14::11:47:58:024	450.3240963601657	37083.05044826318	57.28465152805118	-62.33876931934799	8.622531217961916
2014 01 14::11:47:58:024	388.969784131426	42067.89903193006	61.26840139600631	-86.84596665539866	6.760033119784814
2014 01 14::11:47:58:524	462.62692302940735	39050.15463311467	7082.142297610754	-60.56953835694216	8.624777958929531
2014 01 14::11:47:58:524	420.6364084787455	43391.384959503244	61.50649533387731	-81.00564720011164	6.817478112199393
2014 01 14::11:47:59:024	466.5547193932318	43239.38231700207	58.10212647745616	-58.301044159685205	8.92791531851862
2014 01 14::11:47:59:024	463.1872999596828	45125.3544020109	62.252094955723706	-80.77923938505955	7.007923156761309
2014 01 14::11:47:59:524	477.78444212446203	44228.370235442504	58.192418240288205	-57.23474936239944	9.07154896000395
2014 01 14::11:47:59:524	472.85772253744096	48356.88025634668	63.13627384307296	-76.89342888083036	7.115547763858565
2014 01 14::11:48:00:025	488.7429562040517	44660.45151609399	7158.205956125658	-40.32583698072132	9.236413288546952
2014 01 14::11:48:00:025	485.2446077269691	48527.28300308891	63.42232036385953	-73.97459966325658	7.567072061332181
2014 01 14::11:48:00:526	495.0656471674597	45007.413407131455	58.354241259628296	-39.148446877485185	9.361885611953758
2014 01 14::11:48:00:526	496.94885511893784	49201.91998354353	63.724574658323704	-67.37719605788428	7.945462704556161
2014 01 14::11:48:01:026	495.1360374263838	45526.10497236862	59.096979293724594	-38.24140197002927	10.422895557194556
2014 01 14::11:48:01:026	508.1277017396423	51386.03827464943	63.795263847807874	-53.039998579992044	7.97169649697932
2014 01 14::11:48:01:527	497.2657801889641	45696.56078801171	59.645883306560506	-37.81526243092155	10.759186950356314
2014 01 14::11:48:01:527	510.6254474029163	51615.99943199682	63.84318578222303	-52.465095686623584	7.988684076101982
2014 01 14::11:48:02:027	527.1065521262747	46059.378750994074	61.55562447366481	-36.51853351782863	11.492369752907393
2014 01 14::11:48:02:027	522.6309742765642	57350.87842315371	64.03249684738933	-47.00479995885881	8.290482216351569
2014 01 14::11:48:02:527	535.9681910847004	46530.33479228853	62.08392475166469	-35.65112879023498	11.593448557471985
2014 01 14::11:48:02:527	535.9869523466515	59989.83986530263	64.10792787945319	-45.31820750772228	8.373162435348835
2014 01 14::11:48:03:027	541.943678767451	53293.89974495978	63.6251856545067	-34.57092558860626	12.220689308841592
2014 01 14::11:48:03:027	537.165724357568	61157.37155233214	64.92935900984543	-44.89220064086672	8.653023166685415
2014 01 14::11:48:03:527	573.1875573921882	53720.41766387409	63.661770228332635	-32.09845579250518	12.338275349172513
2014 01 14::11:48:03:527	544.2555653564599	62711.69575402382	65.2745063597926	-36.81338600502724	8.962651511058016
2014 01 14::11:48:04:028	605.4655863951173	54627.81534277686	64.44110788687784	-21.62538658278666	12.560852212773865
2014 01 14::11:48:04:028	544.4844944865073	62802.25888004466	65.47197567920438	-32.4784623987581	9.130322266641599
2014 01 14::11:48:04:528	651.442877580971	55335.5077277392	66.02046548664254	-16.70762612065795	12.804939485751898
2014 01 14::11:48:04:528	581.7117362869346	65138.386662159464	65.51506093880444	-29.169747579825128	9.20519359468923
2014 01 14::11:48:05:029	653.8304676103766	59124.208967903	8353.019829574798	-11.795601985219278	12.818635830112623
2014 01 14::11:48:05:029	602.2473955740504	65599.92018072306	8267.902345822184	-21.042024669966025	9.718072600709249
2014 01 14::11:48:05:530	684.847725648475	59827.78788673163	68.06728438056075	-6.712909274442708	13.076024572169231
2014 01 14::11:48:05:530	639.0826656318644	68493.91569173147	67.26765604771589	-15.015639246568597	10.682549827552613
2014 01 14::11:48:06:030	719.5539346789741	63081.66598622386	68.96451531037795	-6.02990013990663	13.154638130674801
2014 01 14::11:48:06:030	656.5467978165593	68900.51176674644	67.61459860605834	-13.292884300542298	10.984831237749127
2014 01 14::11:48:06:530	768.363721710333	63472.34130452074	69.10488570010087	-3.2957926492179297	13.30834284167971
2014 01 14::11:48:06:530	657.8618827627006	69470.49727339423	69.28528580718351	-11.660920873304548	11.450311389920543
2014 01 14::11:48:07:030	800.8643129237	67248.75940807158	69.46568591426616	4.696065954549283	14.299827609705618
2014 01 14::11:48:07:030	691.440169388302	69540.91876197577	68.72697276816942	-2.72133922666157	12.045377029095105
2014 01 14::11:48:07:531	805.3439413353368	67771.99580145747	69.77015310185242	12.204082613258663	14.613510073303592
2014 01 14::11:48:07:531	713.6889839147403	70306.74479155675	70.86708121349928	3.3798769139970375	12.15178071512315
2014 01 14::11:48:08:031	809.2057064383467	69683.98998234305	71.04162988114892	14.052083854879982	14.799645852616027
2014 01 14::11:48:08:031	719.9747039263812	75567.4040691746	71.90686598175344	5.055733600341384	12.472709121284831
2014 01 14::11:48:08:531	850.4315064772759	70296.40908755998	72.05398883720959	25.75943054725328	14.864813107430052
2014 01 14::11:48:08:531	740.6005840838195	76530.30961161209	72.37194700236982	11.981037913466452	13.059311629534076
2014 01 14::11:48:09:032	851.9256943051289	70826.2282988718	72.21483284775675	26.09065921511197	15.123756021181133
2014 01 14::11:48:09:032	742.8115712476615	79625.30391366595	72.55936639540717	26.545490250770648	13.349858354482812
2014 01 14::11:48:09:532	889.7163669544939	73444.5199757827	72.38745240264133	40.90543867828468	15.413360095255014
2014 01 14::11:48:09:532	752.0022406436404	79807.9678087793	73.65081875884472	36.50610948114826	13.815652323410099
2014 01 14::11:48:10:032	906.757404298894	74167.69564586427	72.748596649862	43.96617120384715	15.700352988393673
2014 01 14::11:48:10:032	809.032307722325	80196.67242775208	73.65907816837213	39.87937067663101	14.65616142155719
2014 01 14::11:48:10:532	923.6651202781452	75901.66533994286	73.37138328828318	46.816646754679795	16.790220907889786
2014 01 14::11:48:10:532	842.936364239892	81944.04882794915	73.89029931748392	41.27844030317705	15.191965634951698
2014 01 14::11:48:11:032	925.103650185372	78085.47707019106	76.1657704006602	47.13733555737252	17.288249725680227
2014 01 14::11:48:11:032	872.0528627948781	82019.23363814279	74.43350944192906	41.33347653528887	15.254768571162291
2014 01 14::11:48:11:533	932.0500792801513	78365.8418559507	9419.596754671717	49.53374336201135	17.4929730883135
2014 01 14::11:48:11:533	875.6318618716851	82249.05882291526	75.03019345129425	42.83406090132512	15.428778086988393
2014 01 14::11:48:12:033	952.9375778391585	80120.88856973937	77.35051501043921	49.82451197120739	17.53337915703195
2014 01 14::11:48:12:033	893.1683393345016	86864.27952154209	75.94080042466089	43.029338183255206	15.447191191403476
2014 01 14::11:48:12:533	959.7501974973188	80632.42816597038	77.42610037138387	51.22851882916253	17.738032359221744
2014 01 14::11:48:12:533	902.0037703638493	90564.50461476229	76.16852493247062	48.52246157357186	16.233466905152017
2014 01 14::11:48:13:033	967.6594841738872	81933.42815408825	79.02575350990593	53.19260668664701	18.04290326821819
2014 01 14::11:48:13:033	918.1254367236658	91018.17804526578	76.27690395041742	53.6351572916179	16.83911428425331
2014 01 14::11:48:13:534	970.8176924896901	84634.59531703673	79.04863011373386	55.24214968432099	18.074389772520092
2014 01 14::11:48:13:534	920.8004637244944	92100.21123800683	76.43637585776463	54.10263715993969	16.869735506115504
2014 01 14::11:48:14:035	981.2665444728555	97533.16443008214	79.29189037077845	58.93825391342168	18.6992117604284
2014 01 14::11:48:14:035	923.9770588642674	92263.94477089112	76.53446135769127	64.374703660465	17.056299549306488
2014 01 14::11:48:14:535	985.749651871751	97555.86683233974	79.43620997253986	62.7256262081705	19.07996804688067
2014 01 14::11:48:14:535	962.988399353238	93041.0038659257	79.49648108515616	65.42920539318544	17.538556778879755
2014 01 14::11:48:15:036	989.7344945373881	98366.77906559281	79.55675219777247	68.55036983302259	19.3091839420951
2014 01 14::11:48:15:036	970.1150760274312	96407.05584487379	79.02732073359009	65.46582360780954	17.60926609737894
2014 01 14::11:48:15:536	990.0364695783271	99865.12651702219	79.62069522904235	70.39984918477172	19.91714482754353
2014 01 14::11:48:15:536	981.1637577301195	96883.373056297	79.19870032082055	66.46573764575791	17.638846038624788
2014 01 14::11:48:16:036	996.5177283227254	99964.06127070491	79.64264109816432	74.94775051040854	19.994136976294342
2014 01 14::11:48:16:036	986.61482452151	98693.45633707513	79.26891628774912	74.61814361968729	19.786719526491602
