2014 01 14::11:47:46:516	-173.9101531767623	420.8997958365823
2014 01 14::11:47:46:516	-170.73364084268783	552.742552125085
2014 01 14::11:47:47:016	-173.66281629255548	2240.060326091309
2014 01 14::11:47:47:016	-166.2084326407425	3813.7049416968384
2014 01 14::11:47:47:517	-169.91694766398203	2979.8520667909665
2014 01 14::11:47:47:517	-165.01763961218444	4213.670556876181
2014 01 14::11:47:48:017	-167.88966708084936	5309.749516731798
2014 01 14::11:47:48:017	-156.60250966481425	4228.317842725826
2014 01 14::11:47:48:517	-167.83291107520535	6824.698434631327
2014 01 14::11:47:48:517	-154.65986192722778	4650.1185358139965
2014 01 14::11:47:49:018	-135.5864882925918	8303.140126271603
2014 01 14::11:47:49:018	-154.2505280950171	8758.945136024122
2014 01 14::11:47:49:518	-128.8335703852206	9122.957325341196
2014 01 14::11:47:49:518	-151.54544511316448	8945.93708335284
2014 01 14::11:47:50:018	-125.58107041492596	9908.592468334988
2014 01 14::11:47:50:018	-150.41126153690576	10991.015370571255
2014 01 14::11:47:50:519	-124.3022214243484	10470.195211517042
2014 01 14::11:47:50:519	-141.1606988038552	13188.264726697918
2014 01 14::11:47:51:020	-119.91460463987673	10586.502655195462
2014 01 14::11:47:51:020	-129.62264705728813	13266.375639469952
2014 01 14::11:47:51:520	-119.21369267547766	11545.06577705099
2014 01 14::11:47:51:520	-129.04808409535698	13866.609385884454
2014 01 14::11:47:52:020	-113.75416334985715	11673.341298128082
2014 01 14::11:47:52:020	-128.8601220698729	13888.623878729179
2014 01 14::11:47:52:521	-109.41923911466068	12813.53151846114
2014 01 14::11:47:52:521	-124.49168106938023	14448.251729347594
2014 01 14::11:47:53:021	-107.61129993945679	14037.824528686127
2014 01 14::11:47:53:021	-123.51991952194822	15797.556207540698
2014 01 14::11:47:53:521	-101.06557074717952	19963.736313955214
2014 01 14::11:47:53:521	-123.06325978416487	19781.803899691742
2014 01 14::11:47:54:021	-99.74102271889996	20096.227781098685
2014 01 14::11:47:54:021	-115.32577402903021	25607.58483461342
2014 01 14::11:47:54:522	-98.20997495585763	24779.166458048006
2014 01 14::11:47:54:522	-112.9185101729365	28377.706559863447
2014 01 14::11:47:55:022	-93.42998950364367	25518.366954696536
2014 01 14::11:47:55:022	-99.76686197889188	29048.049234401184
2014 01 14::11:47:55:523	-92.12189852017895	28521.573618180286
2014 01 14::11:47:55:523	-97.85229690493944	31488.53569066463
2014 01 14::11:47:56:023	-82.68085326130185	31718.317059687175
2014 01 14::11:47:56:023	-97.67624318348558	35064.36834932182
2014 01 14::11:47:56:523	-81.70416496555964	32811.96005596265
2014 01 14::11:47:56:523	-96.25127941686608	35717.15372021692
2014 01 14::11:47:57:023	-73.56946971682908	33085.16370977709
2014 01 14::11:47:57:023	-95.23478922932867	36406.25569862744
2014 01 14::11:47:57:524	-71.81052241975749	35118.24079408771
2014 01 14::11:47:57:524	-87.99980045180766	38816.809867986405
2014 01 14::11:47:58:024	-62.33876931934799	37083.05044826318
2014 01 14::11:47:58:024	-86.84596665539866	42067.89903193006
2014 01 14::11:47:58:524	-60.56953835694216	39050.15463311467
2014 01 14::11:47:58:524	-81.00564720011164	43391.384959503244
2014 01 14::11:47:59:024	-58.301044159685205	43239.38231700207
2014 01 14::11:47:59:024	-80.77923938505955	45125.3544020109
2014 01 14::11:47:59:524	-57.23474936239944	44228.370235442504
2014 01 14::11:47:59:524	-76.89342888083036	48356.88025634668
2014 01 14::11:48:00:025	-40.32583698072132	44660.45151609399
2014 01 14::11:48:00:025	-73.97459966325658	48527.28300308891
2014 01 14::11:48:00:526	-39.148446877485185	45007.413407131455
2014 01 14::11:48:00:526	-67.37719605788428	49201.91998354353
2014 01 14::11:48:01:026	-38.24140197002927	45526.10497236862
2014 01 14::11:48:01:026	-53.039998579992044	51386.03827464943
2014 01 14::11:48:01:527	-37.81526243092155	45696.56078801171
2014 01 14::11:48:01:527	-52.465095686623584	51615.99943199682
2014 01 14::11:48:02:027	-36.51853351782863	46059.378750994074
2014 01 14::11:48:02:027	-47.00479995885881	57350.87842315371
2014 01 14::11:48:02:527	-35.65112879023498	46530.33479228853
2014 01 14::11:48:02:527	-45.31820750772228	59989.83986530263
2014 01 14::11:48:03:027	-34.57092558860626	53293.89974495978
2014 01 14::11:48:03:027	-44.89220064086672	61157.37155233214
2014 01 14::11:48:03:527	-32.09845579250518	53720.41766387409
2014 01 14::11:48:03:527	-36.81338600502724	62711.69575402382
2014 01 14::11:48:04:028	-21.62538658278666	54627.81534277686
2014 01 14::11:48:04:028	-32.4784623987581	62802.25888004466
2014 01 14::11:48:04:528	-16.70762612065795	55335.5077277392
2014 01 14::11:48:04:528	-29.169747579825128	65138.386662159464
2014 01 14::11:48:05:029	-11.795601985219278	59124.208967903
2014 01 14::11:48:05:029	-21.042024669966025	65599.92018072306
2014 01 14::11:48:05:530	-6.712909274442708	59827.78788673163
2014 01 14::11:48:05:530	-15.015639246568597	68493.91569173147
2014 01 14::11:48:06:030	-6.02990013990663	63081.66598622386
2014 01 14::11:48:06:030	-13.292884300542298	68900.51176674644
2014 01 14::11:48:06:530	-3.2957926492179297	63472.34130452074
2014 01 14::11:48:06:530	-11.660920873304548	69470.49727339423
2014 01 14::11:48:07:030	4.696065954549283	67248.75940807158
2014 01 14::11:48:07:030	-2.72133922666157	69540.91876197577
2014 01 14::11:48:07:531	12.204082613258663	67771.99580145747
2014 01 14::11:48:07:531	3.3798769139970375	70306.74479155675
2014 01 14::11:48:08:031	14.052083854879982	69683.98998234305
2014 01 14::11:48:08:031	5.055733600341384	75567.4040691746
2014 01 14::11:48:08:531	25.75943054725328	70296.40908755998
2014 01 14::11:48:08:531	11.981037913466452	76530.30961161209
2014 01 14::11:48:09:032	26.09065921511197	70826.2282988718
2014 01 14::11:48:09:032	26.545490250770648	79625.30391366595
2014 01 14::11:48:09:532	40.90543867828468	73444.5199757827
2014 01 14::11:48:09:532	36.50610948114826	79807.9678087793
2014 01 14::11:48:10:032	43.96617120384715	74167.69564586427
2014 01 14::11:48:10:032	39.87937067663101	80196.67242775208
2014 01 14::11:48:10:532	46.816646754679795	75901.66533994286
2014 01 14::11:48:10:532	41.27844030317705	81944.04882794915
2014 01 14::11:48:11:032	47.13733555737252	78085.47707019106
2014 01 14::11:48:11:032	41.33347653528887	82019.23363814279
2014 01 14::11:48:11:533	49.53374336201135	78365.8418559507
2014 01 14::11:48:11:533	42.83406090132512	82249.05882291526
2014 01 14::11:48:12:033	49.82451197120739	80120.88856973937
2014 01 14::11:48:12:033	43.029338183255206	86864.27952154209
2014 01 14::11:48:12:533	51.22851882916253	80632.42816597038
2014 01 14::11:48:12:533	48.52246157357186	90564.50461476229
2014 01 14::11:48:13:033	53.19260668664701	81933.42815408825
2014 01 14::11:48:13:033	53.6351572916179	91018.17804526578
2014 01 14::11:48:13:534	55.24214968432099	84634.59531703673
2014 01 14::11:48:13:534	54.10263715993969	92100.21123800683
2014 01 14::11:48:14:035	58.93825391342168	97533.16443008214
2014 01 14::11:48:14:035	64.374703660465	92263.94477089112
2014 01 14::11:48:14:535	62.7256262081705	97555.86683233974
2014 01 14::11:48:14:535	65.42920539318544	93041.0038659257
2014 01 14::11:48:15:036	68.55036983302259	98366.77906559281
2014 01 14::11:48:15:036	65.46582360780954	96407.05584487379
2014 01 14::11:48:15:536	70.39984918477172	99865.12651702219
2014 01 14::11:48:15:536	66.46573764575791	96883.373056297
2014 01 14::11:48:16:036	74.94775051040854	99964.06127070491
2014 01 14::11:48:16:036	74.61814361968729	98693.45633707513
